zach0dni2   (m, 360)

[1]: 2005/07/01     0.00  


     1.0                   0.000    0.00    0.00         "286 zaczynamy'\r"
     1.0         1.1       3.670  342.34  -24.96  [1]    
     1.0         1.1       3.680  342.36  -24.75  [1]    
     1.0         1.1       3.670  342.11  -24.85  [1]    
     1.1         1.2       1.540  287.22  -11.01  [1]    
     1.1         1.2       1.560  286.87  -10.76  [1]    
     1.1         1.2       1.550  286.80  -11.00  [1]    
     1.2         1.3       1.170  280.23   -7.33  [1]    "mqaly krystaliczny naciek\rnie wieje\rI chuj"
     1.2         1.3       1.180  280.71   -7.10  [1]    
     1.2         1.3       1.180  281.16   -6.93  [1]    
     1.3                   2.550  337.41  -13.75  [1]    
