shadow   (m, 360)

[1]: 2012/08/16     0.00  


     0.0                   0.000    0.00    0.00         
     0.0         1.0       5.220   97.97  -33.00  [1]    
     1.0         2.0       5.480   39.31  -34.77  [1]    
     2.0         3.0       0.830  132.59   -1.38  [1]    
     3.0         4.0       2.000   69.85  -66.22  [1]    
     4.0         5.0       5.920   55.90  -11.62  [1]    
     5.0         6.0       2.200  353.14  -30.95  [1]    
     6.0         7.0       2.430   85.31  -37.99  [1]    
     7.0         8.0       2.710   43.72  -25.01  [1]    
     8.0         9.0       1.050   87.71  -49.87  [1]    
     9.0         9.1       3.400   21.29    2.11  [1]    
     9.0        10.0       3.490   31.94  -50.78  [1]    
    10.0        11.0       2.270  143.86  -29.44  [1]    
    11.0        12.0       3.200  212.94  -25.07  [1]    
    12.0        12.1       2.300  261.83   12.63  [1]    
    12.0        13.0       3.640  343.56  -65.82  [1]    
    13.0        14.0       3.080  255.36   14.62  [1]    
    11.0        15.0       1.610   88.99  -23.51  [1]    
    15.0        16.0       2.500  144.48   17.27  [1]    
    16.0        17.0       1.960  111.33   19.61  [1]    
    17.0        18.0       4.400   42.20   17.72  [1]    
    11.0        19.0       3.050   40.17    0.65  [1]    
    19.0        20.0       9.560  123.85  -60.10  [1]    
    20.0        21.0       1.240  205.26  -46.31  [1]    
    21.0        22.0       3.690  138.00  -53.95  [1]    
    22.0        23.0       3.620  107.03  -59.54  [1]    
    23.0        24.0       5.120   82.14  -70.72  [1]    
    24.0        25.0       2.890  182.64  -22.64  [1]    
    25.0        26.0      12.880  142.62  -68.33  [1]    
    26.0        27.0       5.460   92.11  -34.88  [1]    
    27.0        28.0       8.140  133.76  -56.40  [1]    
    26.0                   6.850  319.88   46.54  [1]    
