okna   (m, 360)

[1]: 2006/02/02     0.00  


     1.0                   0.000    0.00    0.00         
     1.0         2.1      11.966   42.61   19.36  [1]    
     1.0         2.1      11.983   42.63   19.22  [1]    
     1.0         2.1      11.983   42.76   19.33  [1]    
     1.0         1.1       2.162  214.35   23.67  [1]    
     1.0         1.1       2.163  214.21   23.85  [1]    
     1.0         1.1       2.159  214.30   23.85  [1]    
     1.1         1.2       3.844  222.80    4.74  [1]    
     1.1         1.2       3.830  222.63    4.58  [1]    
     1.1         1.2       3.844  222.78    4.78  [1]    
     1.2         1.3       2.604  265.07  -10.38  [1]    
     1.2         1.3       2.602  265.08  -10.40  [1]    
     1.2         1.3       2.602  265.42  -10.30  [1]    
     1.3                   6.748  134.30   34.51  [1]    
