DS201208   (m, 360)

[1]: 2005/07/01     0.00  


     1.0                   0.000    0.00    0.00         
     1.0         1.1       4.010  357.00   -4.52  [1]    
     1.0         1.1       3.990  356.27   -3.80  [1]    
     1.0         1.1       3.990  356.31   -3.80  [1]    
     1.1         1.2       1.700  336.35  -26.08  [1]    
     1.1         1.2       1.700  336.38  -25.97  [1]    
     1.1         1.2       1.700  336.33  -26.10  [1]    
     1.2         1.3       0.910   19.59  -36.77  [1]    
     1.2         1.3       0.910   19.73  -36.95  [1]    
     1.2         1.3       0.910   20.03  -37.14  [1]    
     1.3         1.4      11.750   40.20  -64.73  [1]    
     1.3         1.4      11.740   40.17  -64.65  [1]    
     1.3         1.4      11.730   40.17  -64.63  [1]    
     1.4         1.5       3.710  152.07  -20.88  [1]    
     1.4         1.5       3.740  151.85  -20.89  [1]    
     1.4         1.5       3.720  152.08  -20.86  [1]    
     1.5         1.6      12.380   97.83  -55.40  [1]    
     1.5         1.6      12.330   97.41  -55.26  [1]    
     1.5         1.6      12.370   97.58  -55.30  [1]    
     1.6         1.7       4.620  148.42  -38.28  [1]    
     1.6         1.7       4.570  148.50  -38.38  [1]    
     1.6         1.7       4.590  148.38  -38.50  [1]    
     1.7         1.8       1.890  330.49  -16.64  [1]    
     1.7         1.8       1.890  330.62  -16.64  [1]    
     1.7         1.8       1.890  330.29  -16.91  [1]    
